-3.91357421875
-4.505126953125
-5.109375
-5.484130859375
-5.890625
-5.952880859375
-5.981201171875
-6.14599609375
-6.4697265625
-6.48046875
-6.539306640625
-6.546630859375
-6.671875
-6.6669921875
-6.748046875
-6.7431640625
-6.77197265625
-6.85693359375
-6.77880859375
-6.787841796875
-6.8466796875
-6.82470703125
-6.906494140625
-6.933349609375
-6.9169921875
-6.90185546875
-6.958984375
-6.9345703125
-6.99658203125
-6.9580078125
-7.00439453125
-7.028564453125
-6.982421875
-7.00244140625
-7.03564453125
-6.962646484375
-7.000732421875
-7.03173828125
-7.097412109375
-6.997802734375
-7.05810546875
-7.029296875
-7.097900390625
-7.058837890625
-7.066650390625
-7.15478515625
-7.02392578125
-7.075439453125
-7.071533203125
-7.07080078125
-7.082763671875
-7.13232421875
-7.043212890625
-7.03125
-7.154052734375
-7.157470703125
-7.097412109375
-7.071044921875
-7.07958984375
-7.1513671875
-7.049560546875
-7.09326171875
-7.13720703125
-7.149169921875
-7.143798828125
-7.107666015625
-7.1376953125
-7.150146484375
-7.071044921875
-7.148681640625
-7.1396484375
-7.095458984375
-7.11474609375
-7.14208984375
-7.208251953125
-7.170166015625
-7.12255859375
-7.088134765625
-7.099853515625
-7.191650390625
-7.122802734375
-7.154296875
-7.101318359375
-7.16748046875
-7.109130859375
-7.238037109375
-7.20947265625
-7.21337890625
-7.161376953125
-7.115234375
-7.172607421875
-7.200927734375
-7.167724609375
-7.198974609375
-7.17529296875
-7.161865234375
-7.21240234375
-7.1708984375
-7.20654296875
-7.170654296875
-7.242919921875
-7.11279296875
-7.199462890625
-7.181396484375
-7.11376953125
-7.22119140625
-7.13720703125
-7.145751953125
-7.156982421875
-7.2314453125
-7.182861328125
-7.150146484375
-7.1943359375
-7.13037109375
-7.213134765625
-7.15771484375
-7.209716796875
-7.218505859375
-7.197998046875
-7.219482421875
-7.218017578125
-7.199951171875
-7.23876953125
-7.209228515625
-7.16259765625
-7.15673828125
-7.146728515625
-7.16845703125
-7.158203125
-7.15576171875
-7.15625
-7.238037109375
-7.24951171875
-7.21435546875
-7.16552734375
-7.213134765625
-7.186767578125
-7.161865234375
-7.16845703125
-7.183349609375
-7.15966796875
-7.107177734375
-7.204345703125
-7.203369140625
-7.22900390625
-7.23583984375
-7.181640625
-7.19677734375
-7.139892578125
-7.155517578125
-7.189453125
-7.203857421875
-7.217041015625
-7.2119140625
-7.14794921875
-7.2216796875
-7.155029296875
-7.1923828125
-7.16748046875
-7.18701171875
-7.19287109375
-7.14111328125
-7.1904296875
-7.084716796875
-7.13671875
-7.18359375
-7.1640625
-7.19580078125
-7.134033203125
-7.2119140625
-7.112060546875
-7.209716796875
-7.188232421875
-7.173583984375
-7.22900390625
-7.248291015625
-7.2080078125
-7.22119140625
-7.26513671875
-7.12109375
-7.187255859375
-7.196044921875
-7.201904296875
-7.17822265625
-7.168701171875
-7.191650390625
-7.255126953125
-7.231689453125
-7.171875
-7.191162109375
-7.13818359375
-7.21630859375
-7.2509765625
-7.2744140625
-7.2509765625
-7.139892578125
-7.196533203125
-7.18212890625
-7.053955078125
-7.180908203125
