-0.261356280972321
-0.08266631149136348
1.39345423055523
-1.3064271242578638
1.4899023385211756
0.8567189553061378
-0.11824967524506592
0.7955374387894972
-0.8196876354561506
-0.7071503978626583
0.025240268329191587
-0.021666054499412057
1.9861151267353432
1.4130231691529125
-0.3682225872641175
0.28318087196533076
-0.060358646142579075
0.17163694344303848
-0.13816885092264308
0.19212415402997227
-0.6427378817004624
0.11027159423472013
1.3267846102247558
1.1884442600290948
0.5841178036050887
-0.07876961837114785
0.034844727453263835
1.2392112143193408
-1.105061564693288
1.6247469935510763
-0.10470483142952958
-0.04971894892140392
1.5867900424008623
2.67660901261731
3.7805606529451588
-0.11866315784074186
0.17323726509243148
0.1943390892257701
-0.2588680381723378
-0.13181750914786783
1.5215558149436526
-0.93113261973965
1.5892142527073125
1.231157115331293
-0.007855157323441182
1.3566484375888666
0.033388234184005425
-0.09782267385644339
0.10998711063825539
1.3636618514093062
1.8008612497121654
-0.7656296652692443
1.930475456695083
0.7250146615282295
0.2744211720039766
-0.10225893685522028
-0.726707130574265
0.027975715541784713
0.04157368721501027
0.12057638973544205
0.9221806828366319
-0.9342784291011358
1.3878969699768016
0.8794581878850033
0.30045029973817605
1.3493418945849618
0.0514020381494138
0.27719390654032894
0.22969562690763204
0.17828359321855508
1.2313750237254093
-0.5363856401920749
0.7380774537156924
0.08167987471663592
1.4595270215845326
0.5180181954364581
-0.2672970143486726
-0.0008826153811024888
-0.1031222704353562
-0.007691819639613993
