0.39241558199205934
1.1524285823619167
0.0840995556909781
2.022254880372087
1.0610753332759153
0.5756490827949733
0.03080457109155619
0.3634566527797468
-0.17901656904513238
0.9974890376362524
-0.10607403356139754
0.7808616852135772
0.9629889476762592
-0.11499323765076173
0.6750236537166616
1.0570366148244243
1.514453931809088
0.24965397630111763
0.6789559110922166
0.3227090849080772
0.09440392056886655
-0.07451947343874005
0.9481994874180526
0.9281426430293461
-0.5003266773566354
-0.3044708199558263
0.13253390404206436
-0.24244103690183652
0.2084028584984832
0.11395717018501825
1.434739596120517
0.11840858079523496
0.909377488604941
1.0608438477909674
0.18031405386243987
0.07988259666404088
-0.7532142276633492
-0.036026519374724356
0.8880549127106234
0.41755670482600743
-0.5880338697106721
-1.1098577596696497
-0.31783418436313027
0.2888041706994932
0.9705076283843816
-0.295148754952044
0.4775148245732318
-0.07219654134763537
0.3363698006674505
0.9057691972714226
0.25486514979429753
-0.3842417137572412
-0.1463744649408149
2.0846019298254763
0.06905573197542288
-0.9678418100514309
-0.2403528296209024
-0.45276366870145407
-0.10627062345241504
0.35501791596087395
-0.08356213381889126
-0.3288454398377937
-0.20426128692637044
0.23575355348722743
1.4013274606218402
1.067342769437851
0.1279718680310067
0.7138013720052574
1.2058985079083513
0.8069362581471585
-0.0694318445601887
0.9785385909517545
1.4727579961684856
0.6779422370983295
1.047226773068249
0.38461277086395507
-0.058610537214882574
-0.016362553960808664
0.46398862272088265
-0.1774157346216428
1.2902684978561605
-0.8707366972085623
0.06869519792958462
0.7498507388901947
1.785652371691846
0.01903574768398056
1.0575933069783667
0.23756216780193085
1.2378785607929652
1.3262009009368034
-0.056616649336456236
-1.7450920281500284
0.05252538862558205
0.11062799341830637
0.8111571617784247
0.3348120147393974
0.5497568105971599
-0.06382134424529828
0.039438671335136614
0.9622541289445312
0.11973708884775484
1.1102400504269896
-0.4352231583346932
-0.2694900392663334
-0.30856477898658435
0.04721592531652785
0.9217193446339301
0.1611724772792729
0.20205700849851535
0.04099527145316431
-0.007574934165871452
0.2690206160812688
-0.1444179272549402
0.5187706139464527
0.9770108805052476
0.29339281892321945
0.36399097702086913
1.8079800133072867
0.029444916956919795
0.525394141748476
0.4028193257897072
0.5542482825418746
0.617461167072025
0.23586773512907463
0.262796749432751
0.17864338231675023
0.360856845591588
-0.07545394997879085
0.06124230062789109
0.4344124198381971
0.027230070094247605
-0.9342614744750114
-0.23325800311891165
0.18319857232614462
0.3230849807456408
0.5589000638312008
0.8950367077453838
1.2151007263322948
0.2953130998950332
0.49988395493671517
0.13954844516543338
1.5175895193566156
0.7660745529314078
0.45651080397479354
0.5020670855518657
1.1402246729648924
-0.23458906393916473
0.05043891277420061
0.5013343433236453
-0.6974675612154777
1.1843781854975268
-0.2085294043353736
-0.27041858057737395
0.37899978967704856
-0.04928961050082702
0.36916573204026953
1.4322097177173003
0.8542701568815715
0.6022050477451608
0.5590513129380877
-0.17086205842540017
0.13226893370170417
0.38494761120010007
1.812203588812702
1.0386194931722286
1.373813740141192
-0.5349157430570102
0.23350462850753767
-0.5098501452936631
-0.19197377398678
0.6689886201407738
0.07921681388176091
0.3631708990825659
0.9273712882042968
-0.14404035917884378
0.16091051003929147
0.38401474938996494
0.9680517861156199
-0.5765179891902001
-0.5763567126940319
0.9020336927708772
-0.2705270194440768
-0.22997276209723005
-0.20527023027752575
1.514024530859573
-0.30809906562374634
-0.17102532123190486
-0.605813030497806
-0.31137694532542237
-0.2558642927497803
-0.33263233667580006
0.20463086786340287
0.5682852339034729
0.4313058774442661
0.2195097236909623
-0.0507464611660472
0.06480606623705935
1.398248159275756
0.6844441962810425
0.45591216513025135
0.013860170598472273
0.798292690193879
-0.039702484451479565
-0.1656747294162545
-0.14279711297215983
0.08348366083318193
0.8345167750733073
0.6473855737299377
0.6713387556571676
-0.7113443571181414
0.06368341328333604
-0.19722206609422208
0.24150404344017412
-0.688081326465089
-0.2538492528572814
-0.4579613247706374
-0.3486143694563909
0.7935711264364496
0.2537589130209159
0.6851347984551488
-0.22364225087297535
-0.7113815546713339
0.30060333120024607
-0.17452402732245692
0.35357043895414264
0.11280382487860169
1.3513468995508249
0.25887587832235676
-0.20211235647058595
0.4050237925289793
0.2678557779264873
0.21313820421661733
0.19964875307933436
1.3194519079226024
-0.7570681912586658
0.5738603789841386
1.2146620380807234
-1.2555823202139789
0.6292488385704422
-0.1256808520601451
0.2957386899539391
0.10289079199743868
-0.12447334231860845
-0.32876531949028376
-1.194656111496033
-0.1937106978064716
0.9203333232651347
-0.235482844295264
1.4907492677327816
0.27036911214005094
2.244109231963608
0.09623618602960855
0.34677745150816736
1.6463729417960609
1.2244027096413137
1.6808401023532527
1.2966865753788632
1.1559105593306402
0.17331589685237545
-0.236198168230102
0.031742863138191434
0.9268141584151982
0.5559339411240141
0.2849465533243224
-0.7618659458325776
0.039102710020728515
-0.1393147509271682
-0.5225257188404295
0.5787490089819609
1.1845144670214518
0.5534451703804254
0.3942072675614242
-0.21120086988023082
0.10291661010738114
0.2126073282456872
0.17670328697262372
0.05601274227194624
0.26911785097948693
-0.18144463958549312
0.49196642013844283
2.2701269041342904
0.35001240375424797
-0.13902939333239467
1.6703299384181398
-0.034967468887111997
1.1827531379375982
0.18452091842042398
0.6035181218811055
0.8029818187944553
0.6982939226537265
0.1501188171754042
0.19465571447602742
0.6051719232191922
2.3694397163236953
0.7470403019527081
0.5978359688606241
1.6958000442191905
1.2722175132178575
1.6603417226911599
0.19180592058891796
1.8788268567837987
-0.07982375815924536
0.39665063443807863
-0.579447316722683
0.3591606667615001
0.44333060585056033
-0.02139174303302442
1.182042277628115
-0.008183097256765495
0.22984126044439135
0.8564927298733653
1.3555363074693076
-0.3610697146809169
1.0696130881300356
0.2804324033932356
0.0900502735284606
-0.2299477378766787
0.033279097571285506
0.44080579151356664
0.9011437921649602
1.6274953833252068
0.6706131776919533
0.007377961881697578
0.3430683897566086
0.8545328801793823
-1.163292381213549
-0.5337228133876155
0.4088057719554938
1.494304711801385
0.1337558892089031
1.6029290649887884
0.39259854302342123
0.6773866835944299
-0.18050659571183816
0.38307289945874623
-0.7275397146008723
1.168939594194801
0.013796042846507093
1.1167200797363979
1.1352947384215708
1.5579565531251753
0.06984021839675525
0.6878024435598192
1.3440561736167775
0.6047841674720593
0.4297062254300959
1.2713741258467142
-0.02124176578814132
0.5822464887423144
1.5000082459040152
1.7630783941160422
1.579278706893207
-0.3754902602420974
-0.1835075931722421
-0.031814562755958786
-0.4867298474064944
0.6440556105020634
1.314170166369318
1.1007972345361041
0.5911522877955491
0.16689112444907392
0.35504086091473747
0.6816837926115177
0.7788354496685786
-0.04213597113979092
0.517172722632747
0.4957353647103981
0.985544126776268
0.0089150486039824
0.8840035955487642
2.2179724423692035
0.1073093454524785
0.9275384549594191
0.44083279675053444
1.0205026882317672
2.0724340855626115
0.09052057156768507
0.9319273672674839
0.07945874677714901
0.14673212985077677
0.5611385099369518
0.6270489879810399
-0.05670822330816753
1.2087612895237527
2.4287258354368735
0.17309507297402674
1.2288880189866065
1.0125914053189482
0.32293064845052444
0.15352611343824277
2.4598747684601276
1.8051872164287264
-0.05803594736833604
0.49307377315745166
-0.026927883799482737
0.12235221576412891
0.320480638147422
1.845198721670171
0.624186499123731
0.013943352906452747
-0.4344446303858807
0.4037861896191998
1.1188518696887333
0.10850670856969344
0.25309181957877747
1.9771686047163761
-0.06439197245321099
0.6980755022337904
-0.0011099635074515056
0.03530546840110914
0.4803881479084265
0.7755333789657902
1.3612115151047126
0.0597126181755198
-0.2740262006382479
1.3577787306380331
0.4321161568629283
-0.4380460131877119
-0.8268847271393774
-0.17171549513913956
