1.3551728547664241
1.3240570771297593
1.3720253561753175
0.03957382224822813
-0.016521440714390254
0.47938588343345634
0.7385554956128014
1.0886445882352926
1.4597732543396291
1.2709640297102887
-0.46495368439856266
0.4468393849095085
1.5052354102970633
0.85465599888126
0.8534433631039647
0.990788084789679
0.006712583218880121
-0.4875525692687147
0.9695038269164397
0.24640257057176948
0.8634162676691384
0.17720393008555232
-0.11363530803561561
1.1958443958541702
1.7340132932045191
1.8731874261040424
0.37735083286115906
1.026236850064253
0.14182783097771448
0.4111842247349606
0.6115091385174244
1.423493964204849
1.9067534737476135
1.0915428372860037
0.5988723777076937
0.8424869923545999
1.5969476237899427
1.06212523015081
0.0785698592278848
0.6023544500734026
0.1968369090512374
-0.18550772564780446
1.8311933731522874
0.5912019986435149
0.9045374005999293
0.06183461472138295
-0.8788397746417589
-0.10600562878874645
0.10786019671122635
0.15490923065650453
0.6240716946509893
1.1296397633053523
0.6655451420994477
1.1559518814414962
0.8467155672212556
-0.2009492103155822
1.4315580066299958
0.24954231297483326
0.7777457599971083
0.3740625250858255
0.2641792648710083
0.6024583088853529
1.2003246805197378
-0.26267632531194973
0.026395303418326122
-0.030985706585932395
1.358640359984546
2.214945355985944
1.6419800922595875
0.5771407625450137
0.015562189218407858
-0.05846514990308241
1.8631000171830996
1.56738111538511
0.434657465830973
1.2786947718986776
0.07344048492043305
0.20011146719421108
1.9424059550586972
0.8610335634807105
2.2513250597482672
0.30582631546448047
0.0027228064464814945
-0.16113744190171925
0.2656821208105993
0.7350686026437216
0.7164114603852169
0.5591673689392602
0.05491328169804736
0.214022482657287
0.9993095938947905
1.639690474106012
-0.2331706591888003
0.3387672267314351
0.03811886488173808
0.029589598561091415
1.3726601017243045
0.5669986802396928
1.3119099017784732
0.08684090173366567
0.02391560233788032
-0.04203093291966037
0.8653350877722831
-0.46538866752526115
0.8420306046132192
-0.3695573143249803
-0.03655925438999221
-0.08529440107115543
1.128866115646093
-0.20065060782904726
0.2017907399880328
-0.21571668964853952
0.07109372130988537
-0.3790186535200873
-0.0783692850034494
0.7736673247622469
-0.16225858380276356
0.16217814914689951
0.138310949011278
0.04299703260742198
0.5080582602392533
2.5251497299594656
0.9071942031242359
1.368421561003684
-0.061120322069603654
0.24684927831232567
-0.24879231063791832
1.9508117581519255
-0.5943698111326279
1.259280703958533
0.01209749318665422
0.10168750548279255
-0.0471203599959816
1.6014764014868448
0.6396437958090512
1.3390393482758927
0.05693333227514686
-0.1731769527671155
-0.10040537499310584
0.047240686312031474
0.718384574651478
0.8849725095568786
0.06841612057851916
-0.022599653807932708
0.4301883450640854
1.3082163019154067
1.220150446018205
2.0273627641234304
0.13499476387068463
-0.09565841990192696
0.946819723905485
0.5338635725505013
-0.22028637559374228
1.173309370936196
-0.3819018250730633
0.16282058712343633
-0.3041933413705657
-0.5530440780718779
0.3324310833431901
-0.22569634376232042
-0.04496046782587653
-0.026937842050599722
2.297828867585254
-0.30308096255028
-0.21738587212965022
0.42493760837181715
0.2525813319861518
-0.2494088456860223
0.9682904603115097
1.12391088229768
1.2479602026190513
1.329387698879069
0.2262771766912884
0.3460704736174769
0.5367857349266353
0.0421929194275652
1.744534229261213
0.6014915687299687
0.10758251045680511
-0.11877518585272889
