-4.267333984375
-5.15576171875
-5.753173828125
-5.85205078125
-6.1962890625
-6.420654296875
-6.485107421875
-6.58251953125
-6.680419921875
-6.716552734375
-6.5849609375
-6.62841796875
-6.75048828125
-6.74267578125
-6.7958984375
-6.848388671875
-6.88720703125
-6.7900390625
-6.834716796875
-6.836181640625
-6.91064453125
-6.928466796875
-6.962158203125
-6.918212890625
-6.955810546875
-6.924072265625
-6.993896484375
-6.971435546875
-6.932373046875
-6.940673828125
-6.93017578125
-7.003662109375
-6.982177734375
-6.9541015625
-6.91650390625
-7.01220703125
-6.962158203125
-6.990966796875
-6.950439453125
-6.947265625
-7.0283203125
-7.00634765625
-6.95166015625
-7.037353515625
-6.97998046875
-7.019775390625
-7.065673828125
-6.895263671875
-6.967041015625
-7.107177734375
-7.031982421875
-7.013916015625
-7.01171875
-7.045166015625
-7.03466796875
-6.974365234375
-7.03955078125
-7.048583984375
-7.037353515625
-7.04736328125
-7.043212890625
-7.02392578125
-7.027099609375
-7.0458984375
-7.045654296875
-7.03076171875
-7.037841796875
-7.076416015625
-6.97607421875
-7.1015625
-6.97509765625
-7.108154296875
-7.08544921875
-7.051025390625
-7.046875
-7.033203125
-7.072998046875
-7.007080078125
-7.04296875
-7.060546875
-7.044921875
-7.02587890625
-7.02587890625
-7.00927734375
-7.064208984375
-7.100341796875
-7.00732421875
-6.992431640625
-7.046630859375
-7.13330078125
-7.05029296875
-6.9990234375
-7.03271484375
-7.107421875
-7.065185546875
-7.09228515625
-7.07763671875
-7.052734375
-7.074951171875
-7.04736328125
-6.99951171875
-6.992919921875
-7.08642578125
-7.081298828125
-7.031494140625
-7.050537109375
-7.064453125
-7.053955078125
-7.072998046875
-7.11083984375
-7.08642578125
-7.07958984375
-7.075927734375
-7.05517578125
-6.98779296875
-7.030029296875
-7.027587890625
-7.042724609375
-7.083984375
-7.10693359375
-7.07666015625
-7.074951171875
-7.10595703125
-7.115478515625
-7.1494140625
-7.118896484375
-7.1650390625
-7.101806640625
-7.152099609375
-7.138916015625
-7.198486328125
-7.09912109375
-7.162109375
-7.1494140625
-7.214111328125
-7.2021484375
-7.217529296875
-7.13916015625
-7.184326171875
-7.22705078125
-7.204345703125
-7.2275390625
-7.21240234375
-7.2060546875
-7.27001953125
-7.168212890625
-7.218505859375
-7.244384765625
-7.28515625
-7.291015625
-7.247802734375
-7.2216796875
-7.281005859375
-7.306396484375
-7.297119140625
-7.255126953125
-7.2265625
-7.27197265625
-7.295654296875
-7.275390625
-7.273193359375
-7.281005859375
-7.320556640625
-7.260009765625
-7.334228515625
-7.281982421875
-7.29150390625
-7.33837890625
-7.28515625
-7.235107421875
-7.259033203125
-7.3037109375
-7.237060546875
-7.322265625
-7.322265625
-7.296630859375
-7.3486328125
-7.3095703125
-7.264404296875
-7.323974609375
-7.297119140625
-7.232177734375
-7.349609375
-7.353759765625
-7.307373046875
-7.30517578125
-7.322021484375
-7.299560546875
-7.323486328125
-7.323486328125
-7.2734375
-7.33544921875
-7.304931640625
-7.289794921875
-7.295654296875
-7.334228515625
-7.279541015625
-7.2626953125
-7.345703125
-7.3251953125
