-3.078125
-3.84912109375
-4.653564453125
-5.167724609375
-5.4921875
-5.947998046875
-6.101318359375
-6.20751953125
-6.4140625
-6.45068359375
-6.512451171875
-6.47802734375
-6.3896484375
-6.40576171875
-6.388427734375
-6.48095703125
-6.463134765625
-6.562744140625
-6.69775390625
-6.68994140625
-6.7880859375
-6.78955078125
-6.78125
-6.778076171875
-6.796875
-6.765380859375
-6.6826171875
-6.718994140625
-6.8330078125
-6.862060546875
-6.753173828125
-6.852783203125
-6.830810546875
-6.836181640625
-6.83984375
-6.927978515625
-6.77734375
-6.88134765625
-6.806640625
-6.8837890625
-6.849609375
-6.870849609375
-6.833740234375
-6.87646484375
-6.8876953125
-6.847412109375
-6.951416015625
-6.8408203125
-6.88720703125
-6.953369140625
-6.89453125
-6.8017578125
-6.899658203125
-6.90478515625
-6.951904296875
-6.893310546875
-6.8916015625
-6.869140625
-6.900634765625
-6.87353515625
-6.843505859375
-6.899658203125
-6.858154296875
-6.954345703125
-6.945556640625
-6.90234375
-6.942626953125
-6.81494140625
-6.943603515625
-6.931396484375
-6.927734375
-6.891357421875
-6.8955078125
-6.898193359375
-6.890380859375
-6.87890625
-6.963134765625
-6.937255859375
-6.9580078125
-6.900146484375
-6.951904296875
-6.943603515625
-6.916748046875
-6.9326171875
-6.899658203125
-6.96728515625
-6.92822265625
-6.933837890625
-6.92529296875
-6.924072265625
-6.912353515625
-6.95361328125
-6.961669921875
-6.948486328125
-6.9833984375
-6.950439453125
-6.9150390625
-6.977294921875
-6.943115234375
-6.895751953125
-6.906494140625
-6.9501953125
-6.96435546875
-6.97119140625
-6.916259765625
-6.887451171875
-6.982666015625
-6.94091796875
-6.925537109375
-6.955810546875
-6.994140625
-7.02197265625
-7.01708984375
-6.952880859375
-7.0185546875
-6.9560546875
-7.000244140625
-7.03369140625
-7.02197265625
-7.076416015625
-6.961669921875
-6.986083984375
-6.99169921875
-7.04345703125
-7.07080078125
-7.019775390625
-6.969970703125
-7.074462890625
-7.0048828125
-7.078857421875
-7.046142578125
-7.016845703125
-6.999755859375
-6.955322265625
-6.9765625
-7.080810546875
-7.025390625
-7.04541015625
-7.033203125
-7.06103515625
-7.050537109375
-7.080810546875
-7.101318359375
-7.017333984375
-7.073486328125
-7.012451171875
-7.04296875
-7.053466796875
-7.0068359375
-7.020263671875
-7.054931640625
-6.98388671875
-7.02001953125
-7.069580078125
-7.00439453125
-7.054931640625
-7.01513671875
-7.10107421875
-7.04150390625
-7.03466796875
-7.141845703125
-6.99755859375
-7.033935546875
-6.99462890625
-7.00732421875
-7.031982421875
-7.061767578125
-7.06640625
-7.009765625
-7.032470703125
-7.080078125
-7.109619140625
-6.99853515625
-7.0068359375
-7.082275390625
-7.045166015625
-7.080078125
-7.032470703125
-7.052734375
-7.13671875
-7.056640625
-7.02685546875
-7.033203125
-7.0546875
-7.0283203125
-7.075439453125
-7.072998046875
-7.111083984375
-7.1240234375
-7.054931640625
-7.02978515625
-7.10107421875
-7.107666015625
-7.047119140625
-7.0576171875
-7.056884765625
-7.1123046875
-7.10693359375
-7.052978515625
-7.070068359375
