-4.588623046875
-5.359375
-5.604248046875
-6.031982421875
-5.96484375
-6.12890625
-6.299560546875
-6.43701171875
-6.5791015625
-6.6611328125
-6.7529296875
-6.84326171875
-6.904541015625
-6.832275390625
-6.850341796875
-7.002685546875
-7.000244140625
-7.050537109375
-7.03857421875
-7.05615234375
-7.09326171875
-7.038818359375
-7.11474609375
-7.162109375
-7.066162109375
-7.116943359375
-7.1474609375
-7.1689453125
-7.15966796875
-7.138916015625
-7.1982421875
-7.21826171875
-7.176513671875
-7.133056640625
-7.178466796875
-7.230712890625
-7.15869140625
-7.214599609375
-7.185791015625
-7.21240234375
-7.16796875
-7.176513671875
-7.180908203125
-7.20361328125
-7.164306640625
-7.154052734375
-7.244140625
-7.201171875
-7.203125
-7.160400390625
-7.197509765625
-7.26806640625
-7.268798828125
-7.27978515625
-7.32470703125
-7.24853515625
-7.224365234375
-7.246337890625
-7.254638671875
-7.25439453125
-7.268798828125
-7.273193359375
-7.257080078125
-7.2744140625
-7.269287109375
-7.28076171875
-7.203857421875
-7.276123046875
-7.305419921875
-7.254150390625
-7.355224609375
-7.336181640625
-7.3271484375
-7.399658203125
-7.377685546875
-7.343017578125
-7.31103515625
-7.3603515625
-7.361328125
-7.3408203125
-7.2900390625
-7.31494140625
-7.39404296875
-7.38427734375
-7.34130859375
-7.35546875
-7.368408203125
-7.31494140625
-7.42138671875
-7.421142578125
-7.37841796875
-7.388916015625
-7.404541015625
-7.400146484375
-7.36669921875
-7.4375
-7.42236328125
-7.426513671875
-7.348876953125
-7.358154296875
-7.433837890625
-7.400634765625
-7.41259765625
-7.3916015625
-7.3857421875
-7.36865234375
-7.2978515625
-7.38720703125
-7.370361328125
-7.3486328125
-7.40234375
-7.44970703125
-7.301513671875
-7.36767578125
-7.413330078125
-7.375
-7.444091796875
-7.44482421875
-7.375244140625
-7.417724609375
-7.36572265625
-7.352294921875
-7.417236328125
-7.420166015625
-7.39697265625
-7.341552734375
-7.406982421875
-7.368896484375
-7.385986328125
-7.4345703125
-7.388671875
-7.3818359375
-7.38720703125
-7.427978515625
-7.385009765625
-7.389404296875
-7.369140625
-7.39501953125
-7.35986328125
-7.376220703125
-7.45263671875
-7.402587890625
-7.40966796875
-7.4755859375
-7.41748046875
-7.373046875
-7.401123046875
-7.345458984375
-7.414306640625
-7.33251953125
-7.4296875
-7.3916015625
-7.453857421875
-7.383056640625
-7.3837890625
-7.394287109375
-7.415771484375
-7.4169921875
-7.3857421875
-7.375732421875
-7.408935546875
-7.3798828125
-7.410888671875
-7.43115234375
-7.424560546875
-7.415283203125
-7.4189453125
-7.433837890625
-7.48974609375
-7.47900390625
-7.343994140625
-7.323974609375
-7.293701171875
-7.387939453125
-7.3916015625
-7.410400390625
-7.354736328125
-7.3291015625
-7.405029296875
-7.421142578125
-7.3232421875
-7.3828125
-7.44091796875
-7.403564453125
-7.351806640625
-7.44287109375
-7.3564453125
-7.390869140625
-7.43017578125
-7.4169921875
-7.36669921875
-7.41259765625
-7.435791015625
-7.385009765625
-7.40625
-7.41064453125
-7.3916015625
-7.4326171875
-7.39208984375
-7.35205078125
