0.05758426004248533
1.9374623673841183
-0.12066080993153298
0.18898885189597306
0.23449999525918377
0.10543417042335179
0.035436521839952016
1.8302278265569165
1.278253741026745
-0.10060866830014732
0.037741388499950075
0.07070182069049469
0.338808337532676
0.4976445681676288
0.5963474831256934
-0.17679527210690582
-0.042016465847448344
0.06286171509178687
0.4678072965811505
-0.028090033732055375
0.8190816541986486
0.39633301499992235
0.12780623540120495
-0.051461342660166345
0.7959993377642615
1.7910981271266269
-0.255435503013279
-0.3545080856852194
0.008033732831049752
-0.1869102061739601
1.3579832255445918
0.18162954122705327
1.7811761656762364
1.914715803760581
0.02701610151798635
0.010034864617362426
0.11867309441935239
0.8870822754803472
0.76917078174269
0.21915437138081703
0.10399780559055827
0.043187319554853235
0.5681096201856196
0.16266221420401364
1.7409137439634175
0.7349818853884005
0.04537823158965714
-0.24396201826343988
-0.12212877073580153
0.6001907871851193
1.4924569722598275
0.84486756066457
-0.008227857043779275
-0.09995032892277143
-0.1521554328428433
1.9838439292536383
0.29095549575488455
0.17557213274679004
0.3596843956269924
0.2644370781341866
-0.0851447738992127
1.6978629827314393
0.18668637154540418
0.6593919215800472
0.08882930832330069
0.1632237337085442
1.2379561756069333
0.24945562648451042
1.1623107820778018
0.6870754680775973
0.08172479565386412
0.042964131166013685
-0.029233787880978454
-0.16642924640547122
1.1119823797898485
-0.21123101940952815
0.21881175458576832
-0.3680815230333231
0.08230169373866948
0.2657545106357543
0.9566906901894582
0.6607894040952627
0.48182710673274426
-0.015154600478484544
0.4981777333058386
1.288995243219987
-0.8655910485255551
-0.23610624116120746
-0.017759275106986452
0.022702543666091014
1.0225363713921563
1.5639425596129337
0.07613425798275025
0.37505097306624696
-0.07803123833210811
0.23409699135710246
0.8485973775488348
2.9443673498118965
2.1150767223372906
0.4448766472426273
-0.025803281143787077
-0.10163199522667675
0.14010579881953722
1.1229529890409897
1.1725499439648772
1.6725361027354029
0.041082839480158256
0.02164770174464463
-0.22142978409831568
1.8810595255256786
0.9685680799922558
1.104964325298784
-0.047193306242685126
0.13178852127675095
0.6096927441636968
0.01377752764002576
1.5786443102442949
0.5817007397325035
0.04031044054966758
-0.020680497100862692
-0.07487702765259863
0.4710515414811112
0.6725904412176007
0.05042653990459785
-0.03993995216160564
-0.09228853146744334
1.3596339961363517
1.8230925288325215
2.572691082106402
1.4349693689477425
0.03189010448400778
-0.08367110027465613
-0.41835510453242286
2.039952773547589
0.8237851956572091
1.5033803402077313
-0.04381011605757212
-0.04420381194163794
1.0948168735420152
2.197137061962975
2.666129243213888
1.9128012674503878
0.016457036965483247
0.05207153273707228
2.135287184026603
1.6832729328249278
1.5444535951983933
0.6843959801065447
0.03651730723999337
-0.06055309878059318
0.9249577875082283
1.6271097702547932
0.6852793618618945
0.3229624193151343
0.04963936196753607
-0.03138096373327858
0.584381331223883
-0.43829295319671635
-0.8534693393363426
-0.19127340361890602
-0.02177009007669424
-0.04424222717597987
1.0184211058846444
2.1192065400089817
-0.6648188739024964
1.043649455803244
-0.0905577522133816
-0.029858787840924786
-0.11955703577992456
0.20875182657906116
0.9417567784194124
0.5121263766065759
0.3050164637517576
0.060480089133989154
0.8167493568060484
1.1711868624179098
-0.13727691319817534
0.4671888705766586
0.08452698505565372
0.12513888322979788
0.45629524641583047
0.39700015066424255
0.05471874652851446
0.4749095289833712
-0.007945923790549085
-0.29065600106415934
-0.10594288763814519
0.1462962705558371
0.21701420461040916
0.8195408058703696
0.05824668576728896
-0.029967385209998598
0.18828660223117777
1.8473432731608936
0.4359849237986984
0.9299334927471408
0.025776104433111194
-0.044480948023855195
0.04893919524334944
0.5836942677867019
0.644128058620476
1.6721755486108396
-0.037850740571980714
0.042990682323934784
-0.9070658819941657
1.9032731612105385
0.16064834912665618
1.5467885078857497
0.03787058444104793
-0.13342779944065397
1.2922731420511169
2.3458441145229276
2.390017538946613
0.8701609027045581
0.059833968906798665
0.056450818175542955
1.300975309535346
-0.04758040940496036
0.6826760669369598
0.0915974509608138
-0.14461852690413246
-0.19412453937154167
-0.8701214870306593
2.043053644330569
1.1010601349400297
1.958285486563625
-0.008730762879109275
0.014348212754545772
1.8498179761462192
1.4785822504086403
-0.6355965428501548
0.5486315912514739
-0.09711132337024318
-0.08402784975755366
0.45929917771443485
0.562001303698216
-0.288978344634424
1.2770322863624721
0.01626956284028295
0.03970583116089579
0.5742690055273305
0.9702539421345568
2.3129260622058188
1.125240702058368
0.42893191814128534
0.19189562045254446
0.07485902276684363
0.06494649051832352
2.227547063672859
0.47697221482341984
0.13646181468276572
-0.0044434804548091605
1.4893115887199548
-0.6796460397411764
0.7304611310208237
0.01526203431333634
0.013562937684687956
0.02966708265041179
0.31255363745314496
0.4964484739153094
0.2255262284806995
0.21005306473336138
-0.08303131592607416
-0.2974282569625517
0.31042042508028383
0.7420071136620836
-0.17892926337971637
0.10670807918375706
-0.11985553179471413
0.014339695893214582
0.1711077592390177
-2.115803970715975
0.34076585910094787
0.1271430190532329
0.07153120754426223
-0.20709956555635986
1.7133847932581514
1.8556084656396914
-0.04255862819715542
0.5934874387279038
-0.3030602054245366
0.1765369998386114
-0.7660867941400691
2.787405582907655
-0.46646501658688677
-0.4920428217643849
-0.004987544706167262
-0.005262168730295454
2.271348492760285
1.960494614229478
-0.8622346888007899
2.139401293092703
0.04933886725994016
-0.027810755380671473
0.26140829630255386
0.44666256856882564
0.8898092538475781
0.0779359039647066
-0.36888934946927016
-0.07368241280655521
1.0233959535959019
-1.0548337959273797
1.7051810000713101
0.5694669356957252
-0.05252247305805012
0.032380498382661715
0.7605333044384008
0.6340814236988899
1.728755266557464
1.1330465602050694
0.0643864530573548
0.20277384405006713
1.5778722839106383
0.8240667606044227
0.7956414708812233
1.0444078898497562
0.09202855661510996
-0.030237710910606674
-0.519839931677826
-0.2947792883825364
1.8208477545913702
0.8713535990537579
0.026322040233430308
-0.04488545933315355
0.7734992019379496
0.2978107562096303
1.1068854233665584
0.8673723509409111
0.04490812023201981
0.12255344045085023
0.575339639339182
0.2958945712517623
1.2246625572029823
-0.025512578278289167
-0.04352224326684489
0.056795219749764494
-0.06172616280363431
0.5149037043040652
1.0706065571428696
1.8445321924699964
-0.017305786448695043
-0.09733693171794548
2.759494930583524
0.8906073076540753
1.5256175868177326
0.3081757423574052
0.2813301191307042
0.2909710405040672
1.1637859213531012
0.6691760693678906
0.6082871684577861
0.05209168306925015
0.13881809601490624
-0.04705516229417066
-0.2608328271825891
1.1181369515171684
1.5620486147936208
0.7376595145761785
-0.043916800270293335
-0.028001347883895432
1.3824754585819168
-0.16316108468263532
0.8516886343844784
-0.6155728455263308
-0.22459581213596047
-0.0035130070726183977
-0.6731814806343455
0.20217457731989713
-0.07014038186952803
0.680244375189206
0.07519412409794289
-0.17508145254040436
1.3892907328392115
2.2784419515598366
2.1956306613102017
-0.3849868560345384
0.00038186839410458105
-0.056391701856520496
1.0419693723211494
0.31104455849645013
2.091049446890401
0.16172575902886022
0.27485415956005305
-0.24618267457507176
1.741148937494988
0.09707534456917201
0.8501650629161956
0.6669322771901529
-0.005172929828296045
0.15808560064346033
-1.0556134493944123
0.41484751882755283
0.49246055154589974
1.7801699963010467
0.0415934041858088
-0.09466168548551682
0.4590962712365935
0.9639857481690276
-0.23397299411422834
0.5959235465896631
0.07802594514805217
0.2640033880165263
0.9402980480774537
1.0299424595378914
0.6018325787814109
1.211898230572969
0.005739061208988341
-0.16728478308607864
1.0867324297756122
0.05123889903125135
-0.048295067998778494
0.17311388201538822
-0.04882608379430231
0.11432847495663073
1.550081243720653
2.099604349547303
1.9300387262273102
0.3809486118405225
-0.04537530530943643
0.4729432099215547
-0.4655688437327692
0.47039203539192126
0.023754636771466997
0.37304765002626145
-0.07347849618106653
-0.0736180509110783
2.6700497204943217
1.3115100013430692
1.7193164685350648
0.5730059290414694
-0.02810537795248677
0.04779566329848563
3.057468962533563
1.885725842680653
0.8231678414065593
-0.11068622320197696
0.2865750189826622
-0.28010811603425
1.7419835633368972
0.3631611505889559
-0.3322529865023323
0.5974814765054458
-0.116240635660714
0.41872169239882007
1.090340553082913
-0.524832726401348
1.1802977835187096
-0.11599261580021619
0.0040219899294084895
0.013124069088975673
