-0.0768397110341823
0.8476678971382355
1.4307653239919402
0.5521446503561859
0.3216163997085303
-0.5848645368726996
1.1390334324170803
-0.16212865695185955
0.20891623982699478
1.0623447363164698
0.6235156606726765
0.8361903978177276
0.10776953843145849
0.6707986050348815
0.10625122807654934
-0.7915801289128449
1.441892363205584
1.7086182756813912
0.7493694707828921
-0.11068710104073896
-0.12405331280376908
-0.47942259061168563
-0.27051659469949146
-0.4265287529526412
-0.22737771552499694
1.1643442923372431
0.43266695429635166
1.109911696910913
0.8930157062471943
0.11771484493147844
-0.6384950574140227
-0.15880260712698135
0.9016905382172175
0.9129201362371692
0.05558984926161378
0.8146760092206025
-0.34218866091195926
1.1096056772587606
0.5463962219436426
-0.11542523666228013
0.6514809027454476
0.2682770650258258
-0.6513740261412775
1.4244287166000755
2.2956686736228864
-0.13751474220695536
0.31578668029924684
1.0889497212956376
0.3080065328188536
2.0855667283966755
0.5658097059343322
0.6654699132447247
-0.7870535260029001
0.5237957546855581
-1.0429952701263088
0.635070824335616
-0.1050276480858866
0.7752050597870973
1.2754130770975103
0.029132887975962807
1.7721920519784224
0.3183420455298639
0.18613868395739638
1.5262394128332162
-0.011721362628893943
1.0222337779356152
-0.028251082044526657
-0.27811922610908213
-0.004617358021650953
1.4835902112787154
0.06880986058075313
-0.1922263468666248
1.11053310544227
-0.007193426211233776
1.8936414600169957
-0.19968013493172362
2.739905543317319
1.0000620283582304
0.3543823106794115
0.9812816906284747
2.473199707273985
0.606771248943115
1.3495633051930567
0.875661775905003
-0.0023036833372664244
0.3519013149688755
0.8718900974412236
2.409985481316477
0.7865799939042449
-0.6990964817854292
2.9253094148502434
-0.22220431748539846
0.3955052002705963
-0.025777487661801178
0.20136311171327595
-0.09612965069104096
0.39247284563086016
0.4033214730151491
-1.0051900397037414
0.16144166248938174
0.28937665604642115
0.6864429065825122
-0.6088668425567622
-0.2800849293879727
1.8609951384280599
0.7616694001461586
2.420596514599203
-0.08412789507046164
0.6636918225351243
2.0759287391997363
-0.5375367512030051
1.2051663829610415
0.1895927863631231
-1.0831546627324316
0.38493869407306164
-1.183314317515124
0.6804697266848427
1.1556178257840595
2.147148471827421
-0.23897151833326907
0.2740876630179318
0.21675725905222662
0.9229975803736225
-0.3309832487120018
-0.7533300897544313
0.3051678511018687
1.1537424488477719
0.449765158836208
0.5606651854760252
0.9901330719771297
1.3471220375997086
-0.6808348650256786
0.7217412126797208
0.2822280261809568
-0.8077792012461356
0.5484582244292562
0.4514443918772024
2.4920895678571235
0.10121257277733775
-0.2566438487748252
-0.13183274750699464
0.563965682905534
-0.47133629496373314
-0.750237702738688
0.7715767512847217
0.903110033955685
0.008605341161471915
0.5557097084759978
1.3584992256505812
0.32295330497399855
0.9163277264294616
0.07383470076883049
0.3797504479173346
1.0697340131835162
-1.1095331783670463
-0.15271609610655326
-0.20323129074618104
1.0050837727923942
0.35495762137467785
1.7153109568469216
-0.18132739982108423
0.40097017867815404
-0.4616856372376087
0.3530760556247902
2.81911798658318
0.39353009007114426
0.01341370484897762
1.0483607284856746
1.0360015550802772
1.3869608043743955
0.23052294176029764
2.40488380218742
0.6624726791595293
1.037930417729387
1.7696269293292493
0.11567368549734322
-0.1204784871250821
-0.2912598217862739
0.1050871750808131
-0.47726112649556607
