0.3715050067303515
-0.0769520860441403
1.2781744674932085
-0.443803484397344
0.12996681004824398
0.1668299102124645
-0.07177194672378442
0.4072165928963833
2.86232972226893
-0.046408954164944255
0.008810162793183855
-0.17974168043840993
0.3731594925293304
0.7390577816948809
1.2495163147323345
0.3296984850510365
0.5957954599509532
0.6542057162628753
-0.0986976318866563
0.9901511090412457
1.1882479021235892
-0.028787482182697235
-0.2891105296434412
0.01748882298587287
-0.08733247516232778
1.1441426494470677
0.5344504604859248
-0.10131352706954999
-0.0805883845333578
1.2556731742491536
0.12394880000748879
0.8690017896550444
0.8245715998347845
-0.16958229727067967
-0.3085118599732522
2.3461361331547974
-0.148775438001428
1.8422697852740646
0.5433075056068706
-0.06605131427391689
0.4439517184811899
1.1716075564679653
0.04969357514419365
1.8747255812744914
-0.1364415822776449
-0.30827955254131123
-0.21281638206274966
1.1331249184479215
0.5586158587079484
2.2132793618892594
0.35325474411258084
-0.06301745812373388
0.0004469648221395225
0.6474866094902135
0.7644186512889538
1.744455694521126
1.2619802118862427
0.8340211514369601
-0.07082787355178932
-0.16394270964254623
1.4463518284321075
1.4056077302158998
0.01610622857250171
-0.12574805261594948
0.2626407248177127
1.309647861788923
1.142705098967293
1.799928915859202
0.6588658440860302
0.5793363996924829
0.030465488417963562
-0.19937716766260866
