-7.271484375
-9.093994140625
-10.209716796875
-11.128173828125
-11.845703125
-12.506103515625
-13.052490234375
-13.552978515625
-14.11181640625
-14.252197265625
-14.333740234375
-14.5185546875
-14.57763671875
-14.7890625
-14.959716796875
-15.1220703125
-15.061767578125
-15.345703125
-15.34814453125
-15.42431640625
-15.633056640625
-15.48974609375
-15.73828125
-15.83837890625
-15.876953125
-15.8857421875
-15.837890625
-16.043701171875
-15.96435546875
-16.06787109375
-16.14599609375
-16.099365234375
-16.047607421875
-16.0322265625
-16.194091796875
-16.109619140625
-16.357421875
-16.2138671875
-16.290283203125
-16.262939453125
-16.278076171875
-16.16748046875
-16.34716796875
-16.3115234375
-16.405029296875
-16.49267578125
-16.402587890625
-16.3447265625
-16.472900390625
-16.47216796875
-16.63134765625
-16.543212890625
-16.6279296875
-16.45166015625
-16.700439453125
-16.56884765625
-16.6318359375
-16.538818359375
-16.670166015625
-16.658203125
-16.7451171875
-16.721435546875
-16.7314453125
-16.6494140625
-16.679931640625
-16.690185546875
-16.610595703125
-16.744873046875
-16.743896484375
-16.70263671875
-16.744140625
-16.659423828125
-16.795654296875
-16.721435546875
-16.61474609375
-16.78515625
-16.6982421875
-16.7626953125
-16.72607421875
-16.675537109375
-16.720703125
-16.716552734375
-16.66943359375
-16.711669921875
-16.8056640625
-16.78369140625
-16.7216796875
-16.704833984375
-16.7548828125
-16.7587890625
-16.7431640625
-16.722900390625
-16.699462890625
-16.69140625
-16.762451171875
-16.843994140625
-16.80126953125
-16.8515625
-16.835205078125
-16.853271484375
-16.7587890625
-16.7421875
-16.715087890625
-16.81884765625
-16.843505859375
-16.73583984375
-16.754638671875
-16.77099609375
-16.790771484375
-16.75537109375
-16.837890625
-16.79638671875
-16.751953125
-16.76318359375
-16.6318359375
-16.784423828125
-16.849609375
-16.686279296875
-16.821533203125
-16.809814453125
-16.831298828125
-16.81201171875
-16.7919921875
-16.6982421875
-16.934814453125
-16.777587890625
-16.78125
-16.817626953125
-16.667236328125
-16.80615234375
-16.7431640625
-16.756103515625
-16.8095703125
-16.856689453125
-16.704833984375
-16.75341796875
-16.770751953125
-16.776123046875
-16.946533203125
-16.76171875
-16.70849609375
-16.67724609375
-16.811767578125
-16.710693359375
-16.811279296875
-16.763671875
-16.785400390625
-16.822265625
-16.847412109375
-16.734619140625
-16.8193359375
-16.908935546875
-16.798095703125
-16.71435546875
-16.793701171875
-16.7490234375
-16.69091796875
-16.79541015625
-16.796142578125
-16.752685546875
-16.678466796875
-16.751220703125
-16.795654296875
-16.638916015625
-16.687255859375
-16.815673828125
-16.78125
-16.805908203125
-16.82861328125
-16.874755859375
-16.70654296875
-16.833984375
-16.740478515625
-16.73974609375
-16.68310546875
-16.834228515625
-16.81201171875
-16.7509765625
-16.788818359375
-16.869384765625
-16.840087890625
-16.77099609375
-16.814453125
-16.77490234375
-16.79296875
-16.70556640625
-16.65966796875
-16.776611328125
-16.726806640625
-16.715576171875
-16.80712890625
-16.825927734375
-16.690185546875
-16.875244140625
-16.723876953125
-16.870849609375
-16.9111328125
-16.8193359375
-16.71875
-16.726318359375
