-3.525390625
-4.242431640625
-5.171142578125
-5.450927734375
-5.88427734375
-6.16748046875
-6.321533203125
-6.274169921875
-6.40283203125
-6.5185546875
-6.48193359375
-6.4658203125
-6.66552734375
-6.648681640625
-6.66748046875
-6.6953125
-6.65283203125
-6.590087890625
-6.7548828125
-6.722900390625
-6.720703125
-6.76220703125
-6.6923828125
-6.9189453125
-6.818603515625
-6.775390625
-6.82568359375
-6.788818359375
-6.843994140625
-6.747802734375
-6.79443359375
-6.834228515625
-6.81298828125
-6.833984375
-6.760498046875
-6.8212890625
-6.88916015625
-6.871337890625
-6.802978515625
-6.8203125
-6.884033203125
-6.740478515625
-6.91357421875
-6.886962890625
-6.811767578125
-6.888671875
-6.908203125
-6.943359375
-6.85009765625
-6.94384765625
-6.92236328125
-6.8994140625
-6.891845703125
-6.89013671875
-6.92578125
-6.83837890625
-6.87841796875
-6.90185546875
-6.860595703125
-6.880615234375
-6.899658203125
-6.842529296875
-6.795654296875
-6.857421875
-6.892333984375
-6.929443359375
-6.84716796875
-6.978515625
-6.87451171875
-6.85009765625
-6.89892578125
-6.9111328125
-6.89208984375
-6.827392578125
-6.874755859375
-6.824951171875
-6.91943359375
-6.83056640625
-6.9091796875
-6.89404296875
-6.81884765625
-6.908447265625
-6.770263671875
-6.891845703125
-6.8828125
-6.84423828125
-6.95654296875
-6.827392578125
-6.83544921875
-6.880859375
-6.911376953125
-6.849609375
-6.853271484375
-6.907470703125
-6.86328125
-6.923095703125
-6.935791015625
-6.873046875
-6.865966796875
-6.88623046875
-6.89990234375
-6.802001953125
-6.92138671875
-6.864501953125
-6.9375
-7.004150390625
-6.896240234375
-6.900146484375
-6.9638671875
-6.84912109375
-6.91796875
-6.88427734375
-6.857177734375
-6.821044921875
-6.841552734375
-6.900634765625
-6.89697265625
-6.876220703125
-6.9189453125
-6.8720703125
-6.985107421875
-6.90771484375
-6.85302734375
-6.83056640625
-6.928955078125
-6.8740234375
-6.86376953125
-6.883544921875
-6.90185546875
-6.881591796875
-6.92919921875
-6.82568359375
-6.851806640625
-6.836669921875
-6.90087890625
-6.88134765625
-6.961181640625
-6.9150390625
-6.86181640625
-6.853759765625
-6.99072265625
-6.903564453125
-6.892822265625
-6.9716796875
-6.886962890625
-6.906494140625
-6.863037109375
-6.945068359375
-6.905029296875
-6.9267578125
-6.856201171875
-6.9404296875
-6.8505859375
-6.899658203125
-6.903076171875
-6.880859375
-6.900146484375
-6.873291015625
-6.920654296875
-6.87548828125
-6.91259765625
-6.81787109375
-6.8876953125
-6.9150390625
-6.987548828125
-6.87939453125
-6.834716796875
-6.901123046875
-6.85693359375
-6.930908203125
-6.96533203125
-6.8671875
-6.838623046875
-6.904541015625
-6.80419921875
-6.900146484375
-6.8525390625
-6.8740234375
-6.946044921875
-6.944091796875
-6.8857421875
-6.840087890625
-6.943115234375
-6.895751953125
-6.855712890625
-6.82275390625
-6.8515625
-6.912109375
-6.862060546875
-6.815673828125
-6.93701171875
-6.953369140625
-6.85693359375
-6.8759765625
-6.9345703125
-6.91748046875
-6.886962890625
-6.939208984375
-6.898193359375
-6.894775390625
