-10.337646484375
-11.149169921875
-11.910888671875
-12.176025390625
-12.315673828125
-12.6328125
-12.7919921875
-13.119384765625
-13.43115234375
-13.409912109375
-13.5263671875
-13.5458984375
-13.54443359375
-13.750244140625
-13.64208984375
-14.0478515625
-13.991455078125
-13.814208984375
-13.96435546875
-14.030517578125
-14.04150390625
-14.15087890625
-14.065673828125
-14.046142578125
-14.173583984375
-14.076904296875
-14.1005859375
-14.177978515625
-14.29248046875
-14.17041015625
-14.266357421875
-14.29638671875
-14.307861328125
-14.197021484375
-14.340576171875
-14.302978515625
-14.443359375
-14.33642578125
-14.318115234375
-14.376953125
-14.448974609375
-14.3642578125
-14.24609375
-14.309814453125
-14.342529296875
-14.3330078125
-14.411376953125
-14.523193359375
-14.276611328125
-14.47265625
-14.355224609375
-14.30908203125
-14.400634765625
-14.39892578125
-14.46240234375
-14.39599609375
-14.319580078125
-14.278564453125
-14.39990234375
-14.5087890625
-14.39697265625
-14.4287109375
-14.365234375
-14.411376953125
-14.43896484375
-14.45068359375
-14.461669921875
-14.409912109375
-14.497802734375
-14.48876953125
-14.478515625
-14.5185546875
-14.459228515625
-14.480712890625
-14.502197265625
-14.580810546875
-14.377685546875
-14.51513671875
-14.403076171875
-14.4482421875
-14.622314453125
-14.504638671875
-14.4931640625
-14.44140625
-14.445068359375
-14.55078125
-14.5751953125
-14.48876953125
-14.535888671875
-14.5751953125
-14.58154296875
-14.646728515625
-14.572021484375
-14.4267578125
-14.5185546875
-14.2021484375
-14.014892578125
-14.37109375
-14.49853515625
-14.533935546875
-14.220703125
-14.46875
-14.5361328125
-14.51220703125
-14.603759765625
-14.62451171875
-14.6689453125
-14.612060546875
-14.64404296875
-14.586669921875
-14.6455078125
-14.71923828125
-14.65625
-14.6767578125
-14.7275390625
-14.765625
-14.713623046875
-14.7431640625
-14.76416015625
-14.72998046875
-14.741943359375
-14.83349609375
-14.73876953125
-14.78515625
-14.811279296875
-14.92919921875
-14.75390625
-14.61572265625
-14.7705078125
-14.861328125
-14.662109375
-14.760009765625
-14.709228515625
-14.74267578125
-14.796875
-14.774658203125
-14.7880859375
-14.822509765625
-14.664306640625
-14.854736328125
-14.669677734375
-14.7080078125
-14.68896484375
-14.720458984375
-14.73974609375
-14.816650390625
-14.780517578125
-14.70361328125
-14.656494140625
-14.697265625
-14.78955078125
-14.637939453125
-14.494873046875
-14.558837890625
-14.50927734375
-14.6728515625
-14.658935546875
-14.640869140625
-14.81982421875
-14.781005859375
-14.580810546875
-14.71435546875
-14.82080078125
-14.64111328125
-14.702880859375
-14.553955078125
-14.659912109375
-14.71484375
-14.76953125
-14.658203125
-14.768798828125
-14.784912109375
-14.672607421875
-14.767822265625
-14.7548828125
-14.77197265625
-14.734130859375
-14.619873046875
-14.900390625
-14.708984375
-14.681396484375
-14.764892578125
-14.85546875
-14.598876953125
-14.74072265625
-14.697265625
-14.64794921875
-14.645751953125
-14.6962890625
-14.751220703125
-14.70654296875
-14.7900390625
-14.73828125
-14.692626953125
-14.78564453125
-14.668212890625
-14.825439453125
-14.821044921875
-14.73486328125
-14.80712890625
